9993
9970
9968
9959
9959
9952
9942
9937
9932
9928
9927
9926
9922
9910
9908
9906
9903
9901
9893
9892
9890
9888
9884
9884
9881
9877
9872
9862
9857
9854
9854
9846
9837
9812
9808
9791
9781
9778
9767
9767
9765
9760
9748
9739
9736
9731
9730
9722
9706
9702
9692
9680
9675
9667
9661
9645
9635
9629
9621
9616
9591
9589
9587
9584
9582
9577
9577
9563
9563
9560
9560
9556
9539
9527
9516
9502
9501
9500
9494
9477
9467
9465
9464
9459
9456
9446
9439
9425
9410
9407
9396
9374
9371
9353
9349
9348
9348
9336
9335
9329
9327
9311
9311
9302
9298
9289
9278
9277
9270
9262
9237
9228
9221
9220
9215
9214
9205
9195
9193
9191
9185
9181
9178
9176
9174
9174
9173
9164
9159
9151
9147
9138
9136
9136
9133
9133
9127
9124
9118
9108
9091
9089
9077
9075
9073
9071
9067
9061
9061
9059
9057
9049
9049
9045
9040
9033
9031
9017
9016
9006
9003
8998
8977
8976
8966
8964
8962
8960
8960
8943
8933
8926
8925
8912
8911
8911
8907
8903
8897
8890
8884
8879
8874
8870
8862
8857
8842
8821
8820
8815
8791
8791
8788
8786
8768
8763
8747
8745
8713
8713
8711
8698
8697
8696
8696
8695
8693
8670
8667
8653
8642
8642
8639
8638
8637
8633
8628
8620
8620
8611
8589
8567
8538
8533
8528
8526
8521
8520
8519
8514
8495
8492
8486
8486
8485
8481
8472
8472
8471
8469
8440
8437
8426
8424
8422
8418
8401
8391
8380
8374
8374
8368
8352
8352
8351
8346
8341
8337
8333
8332
8328
8326
8291
8287
8279
8277
8271
8269
8263
8248
8247
8220
8216
8208
8205
8190
8185
8175
8167
8160
8159
8148
8146
8146
8145
8137
8126
8124
8111
8109
8068
8045
8043
8040
8021
8013
8012
8011
7999
7996
7992
7991
7987
7980
7969
7968
7955
7950
7950
7949
7937
7932
7929
7927
7912
7900
7896
7890
7888
7887
7881
7879
7867
7861
7847
7844
7835
7829
7823
7816
7811
7808
7806
7806
7791
7788
7752
7749
7748
7739
7732
7705
7696
7689
7684
7672
7667
7655
7653
7652
7647
7644
7637
7635
7633
7621
7617
7616
7601
7591
7584
7584
7581
7571
7570
7545
7534
7533
7528
7527
7514
7487
7483
7478
7475
7474
7473
7471
7470
7453
7450
7449
7446
7438
7420
7409
7399
7394
7389
7383
7368
7363
7363
7359
7352
7349
7337
7319
7319
7313
7313
7301
7297
7294
7291
7288
7283
7274
7274
7269
7267
7266
7257
7254
7247
7244
7208
7203
7203
7200
7200
7194
7193
7180
7162
7154
7140
7125
7121
7120
7120
7116
7116
7103
7102
7100
7095
7084
7072
7058
7052
7051
7044
7037
7034
7031
7018
7017
7009
6985
6971
6968
6959
6957
6953
6951
6951
6947
6942
6940
6930
6923
6917
6916
6896
6896
6894
6875
6868
6847
6813
6810
6807
6804
6801
6780
6773
6765
6763
6761
6759
6757
6749
6736
6716
6715
6707
6704
6697
6692
6690
6690
6683
6682
6680
6676
6663
6660
6652
6643
6613
6604
6603
6596
6594
6592
6572
6559
6558
6550
6550
6540
6530
6525
6524
6521
6518
6514
6512
6512
6510
6500
6494
6492
6478
6472
6469
6459
6450
6448
6439
6424
6423
6422
6418
6408
6399
6396
6388
6388
6384
6377
6360
6351
6340
6338
6335
6293
6282
6279
6277
6261
6253
6253
6247
6246
6241
6238
6231
6229
6225
6217
6212
6212
6210
6209
6207
6205
6196
6180
6167
6159
6158
6153
6147
6135
6126
6120
6115
6103
6099
6088
6087
6078
6077
6073
6067
6067
6063
6060
6056
6053
6049
6032
6019
6011
6007
6006
6004
5991
5985
5983
5980
5975
5969
5961
5957
5939
5935
5925
5920
5916
5913
5911
5907
5904
5895
5879
5878
5873
5871
5870
5855
5844
5844
5834
5833
5832
5823
5817
5813
5811
5807
5804
5800
5774
5763
5751
5738
5726
5722
5717
5712
5711
5711
5693
5666
5660
5659
5651
5648
5648
5642
5634
5621
5621
5614
5613
5608
5598
5597
5591
5589
5584
5584
5577
5577
5572
5545
5544
5535
5532
5531
5505
5500
5495
5472
5465
5465
5456
5453
5405
5402
5388
5382
5373
5357
5355
5353
5348
5344
5335
5333
5333
5331
5329
5321
5318
5318
5316
5302
5299
5296
5292
5286
5276
5269
5262
5255
5253
5237
5227
5219
5201
5200
5181
5180
5149
5148
5132
5127
5124
5101
5098
5095
5090
5065
5058
5053
5045
5039
5025
5024
5020
5020
5013
4988
4979
4971
4960
4957
4946
4934
4915
4904
4898
4893
4880
4876
4876
4864
4856
4850
4836
4813
4812
4801
4778
4768
4762
4758
4756
4734
4731
4729
4718
4717
4697
4691
4689
4685
4679
4670
4670
4670
4666
4647
4645
4638
4634
4631
4625
4618
4610
4608
4605
4600
4594
4593
4591
4584
4578
4572
4568
4547
4535
4529
4526
4526
4523
4510
4508
4493
4488
4486
4477
4475
4456
4449
4448
4437
4432
4432
4427
4413
4410
4379
4373
4367
4360
4356
4355
4350
4346
4341
4339
4319
4292
4290
4286
4283
4279
4279
4279
4270
4245
4241
4236
4231
4229
4226
4221
4212
4211
4196
4196
4181
4178
4168
4155
4154
4153
4151
4148
4147
4137
4119
4112
4089
4085
4081
4077
4053
4043
4035
4027
4022
4017
4013
4007
4004
3991
3979
3977
3976
3974
3955
3954
3947
3942
3938
3937
3929
3928
3927
3924
3921
3921
3914
3909
3905
3883
3881
3879
3871
3869
3868
3857
3857
3855
3847
3843
3839
3832
3827
3821
3817
3804
3801
3797
3783
3766
3760
3749
3748
3740
3740
3739
3737
3736
3722
3709
3706
3682
3681
3680
3678
3670
3652
3645
3634
3632
3624
3619
3612
3608
3600
3577
3575
3575
3571
3570
3546
3542
3540
3525
3514
3511
3508
3506
3506
3502
3499
3492
3487
3486
3485
3482
3467
3454
3449
3442
3439
3438
3431
3428
3414
3413
3405
3402
3400
3395
3392
3376
3359
3356
3349
3343
3332
3332
3330
3327
3323
3301
3301
3296
3278
3277
3271
3259
3256
3247
3236
3232
3232
3227
3223
3219
3206
3205
3198
3195
3185
3154
3150
3146
3136
3134
3127
3126
3121
3111
3107
3103
3091
3089
3088
3087
3084
3082
3082
3079
3074
3074
3073
3070
3067
3066
3055
3050
3050
3048
3024
3020
3018
3006
2998
2998
2997
2994
2989
2989
2983
2979
2978
2975
2973
2967
2960
2958
2948
2939
2936
2930
2928
2918
2917
2898
2880
2878
2875
2854
2840
2836
2835
2831
2831
2830
2826
2825
2821
2815
2814
2811
2810
2809
2800
2799
2798
2789
2782
2774
2762
2738
2730
2728
2728
2723
2720
2719
2713
2706
2704
2688
2666
2666
2657
2641
2638
2638
2637
2631
2629
2627
2624
2611
2607
2602
2589
2582
2577
2577
2574
2571
2557
2556
2553
2546
2544
2543
2543
2541
2524
2522
2517
2514
2512
2505
2502
2501
2499
2492
2492
2489
2489
2477
2475
2470
2470
2464
2455
2453
2445
2439
2430
2426
2415
2412
2402
2400
2399
2397
2386
2380
2375
2374
2368
2359
2346
2329
2326
2322
2318
2316
2312
2310
2306
2301
2293
2289
2288
2283
2255
2243
2240
2233
2225
2220
2218
2205
2196
2191
2180
2176
2174
2168
2151
2151
2141
2124
2118
2114
2106
2094
2090
2087
2085
2079
2055
2031
2029
2027
2027
2018
2008
2007
2005
1984
1975
1971
1964
1963
1958
1957
1957
1950
1947
1937
1931
1919
1917
1915
1910
1908
1899
1894
1888
1884
1884
1879
1873
1870
1864
1859
1833
1825
1820
1818
1816
1813
1811
1811
1785
1784
1777
1773
1769
1768
1764
1756
1755
1740
1738
1736
1713
1704
1691
1680
1673
1645
1642
1621
1606
1603
1595
1591
1589
1585
1584
1579
1566
1562
1560
1557
1551
1549
1546
1536
1525
1506
1494
1493
1489
1486
1485
1483
1468
1468
1465
1449
1442
1424
1419
1405
1404
1384
1377
1373
1365
1354
1351
1350
1334
1332
1329
1320
1316
1301
1298
1292
1288
1282
1279
1272
1257
1256
1254
1249
1241
1241
1234
1221
1221
1218
1217
1209
1206
1191
1182
1156
1154
1149
1142
1127
1126
1117
1105
1105
1092
1091
1088
1077
1074
1064
1055
1053
1053
1052
1052
1024
1013
1009
999
994
991
985
984
981
971
963
949
941
939
937
933
930
915
912
897
895
895
893
889
879
870
865
860
847
844
838
824
817
816
816
813
806
793
788
781
776
768
764
754
752
751
751
744
724
723
717
713
713
702
694
693
684
683
678
666
664
655
653
637
637
621
620
619
618
605
602
594
579
578
568
557
556
536
529
500
498
493
489
485
479
458
448
439
439
433
421
410
397
393
377
377
374
359
353
353
352
345
344
340
331
329
325
320
297
289
287
276
275
273
271
257
249
249
249
248
232
224
224
224
219
187
180
178
178
177
155
150
132
131
124
108
103
102
98
76
67
64
44
37
37
37
31
23
8
6
0
