3651
1160
6726
8052
320
4996
9639
9900
3946
8185
6848
5362
9420
8427
7711
5578
7636
6584
2473
2369
6866
7712
3845
2524
4791
1606
9483
172
1613
8115
3864
4441
7147
2681
2352
2637
9769
4481
9524
3415
1191
7459
4448
8128
1889
3172
2399
5809
3898
6773
6047
7884
4101
5334
2709
7073
6787
1616
6368
5709
6472
9507
582
7430
2731
7354
7689
9474
2039
3745
9826
3528
6960
6945
5694
7122
1314
1830
1813
686
3915
1099
7206
1052
1468
5976
1102
514
1909
7045
3043
7103
8404
2650
2047
1941
2668
1972
9622
7755
1439
9430
9033
1246
6160
4471
6892
6192
5238
9205
7409
8076
7350
3144
6008
6301
3411
7409
7136
5174
6259
9638
3531
7064
7943
602
8738
7301
5399
9103
7478
1352
8715
7458
9249
7336
8921
7938
4246
5481
4194
6795
7975
4845
6570
3634
6687
1004
1454
6231
8598
7063
8018
1029
3619
7294
4548
942
3434
6563
6523
7106
7410
5589
642
5186
7153
3530
7079
8464
6875
4799
692
6435
9161
4450
1608
7454
6961
5988
610
3921
4182
6530
4947
4844
6122
8901
8456
9435
4626
7371
1336
5897
5984
3296
1589
4742
9627
4431
6811
7924
4787
6990
1202
4201
8639
4971
704
7327
582
5241
289
3921
6620
57
2656
2502
1438
3167
9052
708
4992
2030
2794
8228
9532
4644
1612
3500
4875
2002
9870
9551
5647
8966
8241
4329
6721
6179
5127
4983
7082
3449
5250
2564
2213
3410
252
5648
1594
3016
7946
9291
7200
3381
5216
405
3219
8921
3866
9906
8206
4428
3064
9769
9166
9081
8050
2361
4190
5948
3260
8472
1172
4807
9975
2097
7042
1680
8894
8623
9586
2814
1235
9769
7415
2470
7655
7985
5363
9526
1692
9108
3300
1224
8924
5167
9771
5838
7365
9323
4507
470
6860
9068
8750
3912
8904
7547
1127
6504
9258
2810
2726
3556
3816
3123
6658
8857
1923
9859
1988
8814
9270
9184
810
122
6279
4948
6330
6092
6281
6729
5898
3800
1342
2220
991
2103
9025
5122
5580
692
6142
7342
9168
1129
9215
6339
9860
8038
6614
5215
9273
1974
6643
8760
6614
2803
9841
618
2819
6185
218
2085
3572
9629
828
3853
4027
2210
4645
4513
5616
7924
5142
2213
8470
9955
3044
893
684
9863
8960
2045
8334
3868
6769
2060
3737
1907
6552
7976
2872
4649
9041
483
7638
5553
4621
8130
2976
1415
4526
71
746
385
6988
4058
69
7639
1964
4988
1380
4632
7924
7979
8404
729
1639
3262
5503
6870
3096
2162
6357
5760
6820
3547
4836
6393
5290
2647
2647
1945
8536
3232
7714
6199
5012
7509
5213
2322
9970
9423
7394
7023
8793
4300
9747
1133
3078
1949
7608
9981
2743
8120
7679
7829
8290
2354
4875
30
5512
8752
8900
6207
1983
2801
8983
9552
6046
8150
567
3693
3336
5635
3288
5046
8521
6963
3402
6531
523
1540
4086
7084
1809
9426
7184
1257
7463
9805
9583
3859
7603
6718
7214
2419
7819
8572
2940
4807
270
2112
2081
5661
7616
8942
2380
7391
8883
1881
6398
4272
8175
6228
8463
5327
4917
4627
8531
6083
2957
5400
5590
6925
6557
714
1896
2020
5011
8062
4405
8586
246
945
9975
5819
161
2394
9800
6820
8236
2465
8568
3293
6013
3479
2531
1325
5134
857
5434
4039
9195
526
1393
6356
7858
5523
7240
1244
539
7656
4710
5317
5242
1043
7737
9228
3096
7394
855
6191
1655
4594
3810
205
696
2962
2402
9025
9244
9218
2283
6933
605
1400
3221
4719
9306
4090
929
6636
1223
7371
2638
9145
2646
939
1131
3703
8653
4934
4359
4193
189
169
2879
2294
6084
8947
1111
2738
5233
2690
5202
3217
4833
4627
7932
2256
9777
9958
3036
4153
2933
7947
7033
9873
8843
3718
9652
1542
4466
5688
7071
7392
71
5944
8047
7183
7394
8561
4314
7196
2818
8951
7507
8779
1631
5153
5220
1047
2487
6374
8862
8529
4292
7313
3436
7875
8266
7813
9073
4856
3289
8121
3144
6227
5791
1012
357
3642
3879
2506
957
5964
7780
3100
844
9097
6008
6320
5266
7216
7800
1798
542
8906
5676
6781
4466
3031
1907
6589
611
8936
7443
6474
937
6235
2057
8983
3930
7483
4075
6878
1216
4778
9338
9503
5471
4546
4390
8085
3617
1407
3764
7388
7721
9394
630
1878
3735
3712
9762
2124
3826
1289
7683
1002
109
4810
9100
412
7698
3351
1725
6388
3649
2149
1824
1969
5730
1795
7712
8414
2018
951
7701
4576
6520
3303
7820
5495
339
7128
4890
1968
6677
1378
5706
8595
9799
7944
6875
6246
9933
4189
3196
4492
5950
4416
5231
3566
1986
1536
7513
181
9115
8232
6614
8786
6473
3894
9081
8900
8970
3970
1903
1172
1952
3382
3748
8819
6534
2496
9444
4681
701
4009
7656
1761
5922
1713
4243
2658
927
2305
551
5479
2891
6509
8134
6978
7343
5633
7495
6590
4848
1748
4419
7792
8180
7055
4151
6661
7436
2116
1918
6386
4028
8336
5076
6927
3972
1548
7201
5434
756
7455
8998
9117
9283
7732
6551
7098
4993
7729
6808
2172
1099
2435
7525
3165
8541
1032
3867
9626
523
5532
3405
2626
7926
8972
2815
8823
3725
8062
8815
981
9481
5077
9753
3194
8875
3097
4700
2931
2883
1898
2470
8649
3564
1459
6527
912
8459
2152
1579
7869
5048
9062
9867
1748
5197
165
4712
2073
4677
6736
1228
3353
1272
4217
7733
3504
1857
6083
1950
8775
4216
1343
6101
7592
1783
1502
714
9131
7476
1473
9265
8669
8423
6172
2979
2250
7918
9592
6679
3607
7713
9579
9889
9353
4821
5130
2458
9133
6302
895
7535
7368
8686
9718
8981
7452
4736
7655
4499
4480
386
977
7395
2368
2621
7079
9961
7368
7406
1290
4282
6679
7904
2051
4072
6477
4538
8428
6539
2293
8974
7057
3154
4022
2987
4542
4730
6585
1201
5802
898
7867
3131
2793
886
5799
875
6991
5189
5736
5249
2854
2088
9368
6516
5701
2238
4978
6906
9832
8524
6079
1518
9411
9839
2366
1736
2100
6255
1690
7513
8671
813
6778
9574
9117
2936
7709
9640
652
2268
7755
8750
4091
8665
7411
8706
9450
9903
1686
6499
4404
9744
2485
7604
4266
421
2633
9000
8389
5635
2025
4118
1966
5225
8140
4588
4643
636
5895
6097
3489
6291
1185
8516
6225
6516
2604
7772
6528
5522
34
340
4721
9686
427
5473
8858
9425
7370
1827
3710
6120
6955
4279
8166
1029
980
1699
8610
1620
8418
6734
607
3411
6690
4124
3096
3989
3387
5154
9027
4686
4493
320
7029
2269
3003
2989
1158
2238
5452
1190
9547
3889
6619
1065
3555
1371
186
8133
8867
9893
8645
399
780
5335
2052
4022
6602
7379
1560
9018
4960
1775
8562
7647
252
7990
7871
6023
7203
3287
1942
3379
8608
415
3834
8591
1858
8609
8435
4911
298
5808
6491
4013
5198
4806
8464
5663
4642
7103
1181
7068
272
7833
8237
3260
312
9064
4262
6689
2467
4563
999
5129
5053
7687
1213
6782
595
4375
3448
681
1006
2619
9771
9090
7485
9169
3356
4559
2274
1449
4616
3190
8672
651
9542
5009
9479
7829
7862
3311
750
1013
2542
7602
7315
2466
9014
8306
8788
3839
4486
1105
7127
349
2830
3505
6871
2843
7960
2542
9565
175
5000
6185
9523
7895
6292
3415
1535
3913
6507
6081
1845
5755
9303
7792
104
5023
1871
7446
7896
1819
3616
3059
9057
414
15
954
3223
3627
1398
2302
4240
7271
3774
301
7786
870
1401
5
4026
7830
3239
8112
8824
4329
7645
3517
8992
7371
6254
5892
2514
1524
451
5968
8387
6548
619
5121
4647
2663
4773
9036
2077
7790
5635
7779
2027
5001
3116
1059
9023
1246
5424
9523
425
3953
9830
3753
2042
2878
3148
4647
5380
9872
6912
5808
5265
4332
2397
9943
8035
9316
9682
8381
4219
6956
6482
4806
2897
8346
6947
7623
6217
2601
2317
9586
6726
6052
5317
8822
897
2699
5124
3925
4241
2795
7056
4713
625
4426
2809
6721
2181
714
2505
3533
1143
8662
5099
3198
3342
5759
6185
5663
6587
5727
6021
5055
5751
6461
5595
7565
6277
6773
8627
8662
6683
2935
2164
2184
7257
5987
9919
8861
7503
2024
7343
4985
434
8319
8335
7005
7200
3167
4447
898
5839
5412
895
745
1205
8324
9120
9048
2930
9544
2255
1450
569
3090
5646
3987
6337
4816
2612
4031
8347
8239
8416
4214
9080
8782
7952
3854
5858
3324
9415
3285
2575
6450
7441
6862
7466
3743
1882
2336
556
4422
1813
6898
2365
8384
6387
7401
5873
6988
7283
2364
1386
4038
1104
8887
5899
5363
6199
6444
6391
5351
1253
2447
9402
2316
3551
2757
6290
6542
1228
800
7880
5617
1377
8681
8489
6836
814
8901
442
8740
5443
4664
1849
961
5603
3610
61
3921
8318
6140
995
2581
2210
9634
6693
2565
1313
7429
3862
6944
8492
1319
8509
2405
6380
5353
6133
7011
6065
4517
7601
