6
8
9
10
13
39
64
72
80
80
87
93
95
125
159
173
175
177
178
182
187
194
198
204
205
208
225
228
251
253
266
271
277
279
284
286
309
310
311
326
328
331
336
337
338
363
368
370
371
374
384
384
386
388
394
395
401
402
403
410
428
438
439
445
454
460
465
471
477
478
478
479
501
504
506
506
514
530
531
532
532
534
541
546
549
549
568
572
576
579
591
600
603
603
605
606
627
632
640
645
648
653
660
663
665
666
669
680
683
711
712
715
719
721
723
753
762
767
772
778
778
795
798
799
804
805
811
813
820
832
834
840
841
855
856
856
874
886
887
887
903
905
909
915
919
924
929
931
935
937
938
945
950
950
957
963
982
986
1005
1015
1030
1032
1051
1054
1057
1060
1061
1065
1067
1069
1088
1088
1091
1099
1102
1103
1107
1109
1132
1146
1149
1156
1161
1161
1176
1199
1222
1241
1253
1257
1258
1286
1288
1296
1298
1298
1299
1302
1313
1314
1321
1321
1324
1326
1326
1331
1335
1342
1352
1359
1360
1362
1364
1395
1409
1411
1417
1436
1447
1455
1472
1473
1474
1475
1476
1480
1487
1490
1491
1509
1513
1535
1537
1547
1548
1550
1560
1580
1583
1585
1594
1598
1600
1618
1634
1641
1654
1666
1667
1678
1688
1709
1711
1711
1716
1727
1729
1731
1731
1737
1737
1740
1745
1750
1751
1767
1779
1782
1786
1790
1792
1792
1798
1799
1800
1806
1838
1842
1852
1862
1863
1867
1875
1883
1887
1905
1913
1925
1926
1949
1954
1956
1961
1965
1969
1972
1976
1979
1983
1997
1999
2003
2005
2011
2013
2016
2019
2026
2035
2038
2051
2052
2056
2059
2067
2068
2087
2093
2094
2097
2098
2101
2105
2106
2107
2108
2108
2137
2138
2149
2154
2157
2161
2166
2179
2183
2183
2186
2207
2222
2222
2223
2224
2226
2230
2238
2240
2249
2252
2291
2298
2310
2315
2318
2324
2337
2339
2349
2351
2353
2353
2362
2363
2366
2373
2374
2389
2401
2408
2409
2419
2421
2422
2435
2455
2457
2461
2463
2463
2468
2482
2490
2504
2506
2515
2515
2517
2533
2534
2535
2535
2561
2565
2570
2580
2600
2609
2612
2619
2620
2624
2626
2627
2628
2635
2636
2640
2646
2647
2648
2654
2682
2722
2723
2730
2733
2736
2749
2750
2753
2756
2758
2760
2761
2762
2767
2787
2790
2791
2798
2810
2825
2834
2838
2840
2841
2841
2852
2858
2862
2871
2881
2882
2898
2900
2905
2910
2911
2922
2928
2929
2929
2931
2933
2956
2963
2965
2968
2968
2976
2977
2994
3007
3008
3009
3010
3012
3012
3020
3026
3035
3036
3051
3063
3068
3079
3082
3088
3090
3092
3112
3124
3138
3140
3144
3152
3168
3187
3188
3189
3190
3193
3206
3210
3212
3234
3240
3245
3255
3257
3262
3277
3283
3283
3290
3291
3297
3322
3324
3341
3347
3347
3356
3360
3361
3366
3375
3382
3385
3387
3396
3399
3424
3434
3442
3446
3454
3456
3463
3468
3470
3472
3484
3486
3511
3514
3515
3516
3522
3532
3535
3541
3562
3565
3576
3590
3591
3592
3594
3610
3617
3621
3625
3637
3643
3645
3678
3688
3689
3692
3693
3697
3697
3698
3719
3735
3746
3758
3760
3765
3770
3770
3772
3773
3777
3785
3788
3805
3818
3824
3826
3837
3846
3853
3872
3876
3914
3920
3923
3939
3949
3950
3956
3973
3983
3984
4000
4001
4011
4014
4018
4019
4024
4033
4040
4042
4046
4050
4057
4074
4093
4095
4103
4113
4114
4115
4116
4132
4133
4139
4158
4158
4162
4168
4169
4187
4188
4189
4197
4200
4207
4217
4226
4242
4254
4254
4254
4267
4268
4269
4276
4278
4291
4292
4297
4312
4313
4321
4325
4337
4339
4347
4347
4349
4352
4352
4355
4355
4367
4371
4372
4386
4394
4416
4417
4419
4420
4441
4442
4457
4458
4459
4462
4464
4482
4494
4494
4498
4503
4503
4506
4511
4518
4539
4540
4574
4578
4579
4580
4588
4596
4602
4603
4617
4618
4631
4632
4640
4642
4644
4645
4649
4659
4678
4679
4689
4691
4694
4697
4699
4711
4712
4714
4717
4721
4722
4725
4734
4741
4742
4745
4754
4763
4767
4767
4773
4779
4787
4788
4796
4796
4809
4814
4817
4829
4834
4841
4845
4849
4849
4850
4855
4857
4859
4864
4866
4869
4873
4873
4878
4880
4891
4893
4893
4904
4911
4929
4942
4949
4956
4970
4974
4986
4986
4987
4995
5003
5026
5041
5043
5045
5054
5054
5062
5083
5090
5092
5093
5104
5106
5110
5112
5115
5116
5123
5127
5141
5143
5161
5163
5166
5167
5168
5177
5181
5182
5182
5190
5192
5199
5208
5221
5224
5230
5231
5232
5246
5251
5258
5261
5268
5272
5272
5280
5285
5289
5290
5291
5291
5297
5297
5309
5314
5333
5335
5351
5358
5362
5374
5375
5378
5385
5392
5393
5399
5438
5441
5445
5452
5466
5469
5476
5481
5484
5484
5487
5509
5514
5515
5516
5535
5552
5554
5563
5573
5576
5578
5589
5590
5595
5599
5604
5604
5648
5657
5657
5657
5695
5701
5702
5715
5728
5729
5765
5780
5788
5790
5791
5814
5833
5834
5841
5846
5848
5851
5866
5869
5869
5871
5881
5893
5902
5903
5915
5929
5944
5954
5964
5968
5969
5983
5995
5998
6010
6023
6025
6037
6042
6042
6044
6050
6057
6057
6058
6062
6065
6069
6073
6113
6119
6121
6122
6126
6129
6149
6150
6153
6154
6155
6164
6171
6175
6175
6177
6187
6199
6204
6204
6211
6223
6227
6234
6247
6250
6252
6259
6267
6276
6293
6298
6302
6306
6309
6310
6316
6318
6335
6356
6368
6382
6395
6408
6410
6434
6437
6441
6446
6458
6459
6466
6470
6480
6481
6490
6492
6493
6500
6501
6514
6514
6516
6521
6525
6529
6531
6537
6541
6547
6548
6549
6552
6562
6568
6574
6576
6581
6585
6588
6598
6623
6630
6630
6637
6638
6638
6655
6666
6676
6678
6684
6686
6687
6688
6696
6696
6697
6699
6706
6710
6713
6714
6720
6721
6724
6725
6731
6749
6755
6758
6761
6761
6774
6787
6802
6802
6803
6811
6816
6819
6830
6833
6839
6842
6842
6845
6846
6846
6854
6862
6865
6869
6872
6872
6887
6890
6890
6910
6913
6915
6916
6924
6926
6929
6943
6947
6950
6951
6952
6957
6959
6960
6967
6969
6983
7005
7018
7019
7019
7021
7037
7040
7041
7044
7048
7053
7061
7078
7087
7089
7094
7111
7116
7123
7139
7152
7171
7173
7179
7185
7190
7206
7212
7213
7218
7246
7250
7256
7263
7273
7292
7309
7312
7317
7336
7338
7339
7344
7352
7358
7370
7371
7375
7394
7397
7426
7433
7434
7441
7441
7442
7450
7452
7476
7482
7482
7485
7494
7497
7498
7502
7512
7512
7525
7530
7532
7539
7539
7542
7547
7550
7555
7564
7585
7589
7590
7600
7607
7626
7628
7634
7636
7646
7648
7682
7688
7693
7697
7703
7704
7713
7720
7725
7727
7729
7740
7745
7760
7760
7765
7779
7787
7809
7818
7830
7833
7842
7846
7849
7851
7863
7875
7878
7887
7898
7908
7924
7924
7928
7944
7945
7951
7952
7961
7973
7974
7993
7995
8002
8008
8025
8026
8033
8048
8051
8051
8062
8069
8070
8071
8074
8089
8101
8101
8109
8109
8111
8112
8118
8124
8124
8134
8142
8146
8146
8154
8185
8190
8219
8223
8229
8233
8234
8236
8241
8242
8247
8251
8252
8261
8269
8270
8278
8283
8290
8297
8298
8300
8309
8309
8312
8317
8330
8333
8333
8333
8338
8339
8340
8344
8346
8368
8369
8384
8384
8408
8416
8424
8429
8435
8453
8455
8458
8460
8472
8477
8477
8480
8495
8496
8505
8508
8510
8510
8525
8544
8548
8570
8590
8614
8614
8639
8643
8663
8667
8673
8677
8688
8688
8691
8697
8711
8739
8750
8753
8759
8761
8765
8768
8769
8771
8772
8785
8788
8789
8795
8801
8811
8818
8819
8819
8825
8826
8827
8828
8834
8849
8851
8856
8865
8868
8869
8870
8871
8872
8877
8883
8886
8891
8905
8908
8922
8936
8944
8949
8955
8955
8970
8972
8974
9002
9003
9008
9026
9037
9044
9045
9056
9059
9062
9067
9081
9106
9110
9120
9122
9138
9141
9143
9147
9151
9160
9167
9173
9175
9184
9188
9189
9192
9194
9198
9203
9209
9215
9217
9217
9231
9233
9237
9237
9261
9263
9274
9277
9278
9279
9282
9293
9303
9307
9311
9316
9344
9352
9365
9370
9372
9372
9374
9376
9391
9392
9394
9404
9413
9418
9418
9434
9448
9449
9455
9480
9483
9485
9489
9490
9496
9509
9529
9530
9535
9541
9546
9546
9556
9556
9559
9570
9583
9598
9605
9609
9626
9627
9629
9630
9652
9677
9683
9700
9704
9707
9714
9735
9742
9759
9764
9771
9772
9772
9782
9804
9811
9824
9836
9845
9857
9857
9858
9864
9865
9866
9893
9903
9911
9914
9917
9924
9925
9925
9926
9926
9928
9944
9947
9951
9965
9982
9984
9992
9994
